	T1	T2	T3	T4	T5
time	0	30	60	120	240
CHEX.3	0.498604134941936	1.22825223613005	-0.695695493370945	-1.29889128510286	0.26773040740182
CHEX.1	-0.167392149230016	0.282394831123875	1.17219326369795	0.275575372960441	-1.56277131855225
RANTES.CCL5	1.46779854604476	0.147103211107152	-1.31352118287959	0.0123665286721659	-0.313747102944481
GCSF	-0.352572336293858	1.63379836312691	-0.944905415334954	-0.526624833656319	0.190304222158217
PAI.1.SERPIN.E	1.0460566353579	-1.04802327588989	-1.09702864563886	0.554270480377371	0.544724805793483
FFA.22.6.	0.922919413855893	0.763701717729665	0.473057364929204	-1.14725796671435	-1.01242052980041
FFA.20.4.	0.767340299424039	0.503691097081868	0.879637887062557	-1.26379172920994	-0.886877554358522
FFA.22.4.	0.741515156941218	0.263159639949135	1.07068735222468	-1.23888600084501	-0.836476148270016
FFA.22.5.	0.984155790745518	0.491625287150269	0.646276535044787	-1.30649198141457	-0.815565631526001
FFA.18.2.	1.15931228425436	-0.208818002037355	0.916968544665657	-1.05173576251693	-0.815727064365733
FFA.16.1.	0.920225630380869	-0.459394897702972	1.22589705854634	-0.93499412577102	-0.751733665453215
FFA.12.0.	1.4812298881169	0.486171759684398	-0.691975702891523	-1.01014349937759	-0.265282445532187
FFA.18.3.	1.2059947803257	0.166576564052228	0.654742777173624	-1.14430823787248	-0.883005883679079
FFA.20.5.	0.683102561330745	0.998196762111988	0.428020349667053	-1.30878377619796	-0.800535896911828
Amylin.total	-1.58341743432526	0.393871500738691	0.330324008968344	1.08512959698223	-0.225907672364011
C.Peptide	-1.65247560546276	-0.0572625126423369	0.133958312652224	0.845159226239102	0.73062057921377
Leptin	-0.498993369846299	-0.582950879453878	-1.05707134428598	1.01437066193621	1.12464493164995
Insulin	-0.436373930585012	-1.49226250446263	0.165100473562061	0.896645823056814	0.866890138428769
M10.44_211.1703m.z	1.35462440857803	-0.900630132957969	-0.791310772890807	-0.410476505257962	0.747793002528711
M11.92_303.2327m.z	1.18494230898449	-1.17483169707605	-0.846310191662849	0.144397032473514	0.691802547280898
M5.44_330.2635m.z	1.44151785646629	-0.649687006264786	-0.200834401937764	-1.09704678954998	0.506050341286231
M10.48_199.1703m.z	1.71878205439796	-0.655347511414689	-0.712038761778027	-0.0214753355671964	-0.329920445638043
M9.33_150.0228m.z	1.04224536440762	-1.45347258369831	-0.55171545059958	0.610162472227738	0.352780197662533
M9.99_198.1619n	1.20134229430612	-1.14377125783469	-0.793708243675964	-0.048849992569642	0.784987199774179
M12.50_305.2484m.z	1.32302803284076	-1.12839688373967	-0.811514344104102	0.0559645408618746	0.560918654141141
M10.82_319.2293m.z	1.08809982074106	-1.09143446210436	-0.989801285901493	0.22093820793652	0.772197719328278
M9.65_195.1390m.z	1.14946854691836	-1.01491863464846	-1.08894679570208	0.416287050062555	0.538109833369622
M8.96_169.1233m.z	1.21671023974415	-0.962380277333647	-1.02467825247204	0.0339216509389566	0.736426639122575
M12.35_329.2485m.z	1.345365125321	-1.15362217461753	-0.744910497850878	0.00157491882192942	0.55159262832548
M10.38_223.1702m.z	1.05437544776925	-1.21483034706342	-0.85388762543648	0.216559676753913	0.797782847976734
M9.46_239.1652m.z	0.919273879404695	-1.16351930393255	-0.952724010824564	0.300904973208455	0.896064462143959
M13.20_331.2641m.z	0.904689890068079	-1.16980234155089	-0.91039700922686	0.204763396254132	0.970746064455541
M11.91_327.2327m.z	1.47234138906059	-1.1077441454582	-0.712711603200596	0.0388460315046474	0.309268328093565
M10.78_249.1859m.z	1.02416902676122	-1.14385511901146	-0.94843638176348	0.240208475121704	0.827913998892015
M11.55_299.1950m.z	1.54398976742106	-0.949934480969381	-0.493095325651344	-0.532911645479737	0.431951684679406
M11.04_251.2016m.z	1.42015073600307	-0.952224602593351	-0.93231537569995	0.00926015846393035	0.455129083826305
M10.81_225.1859m.z	1.05628286728609	-1.23845981912753	-0.794391999677853	0.140016135972223	0.836552815547066
M8.80_213.1496m.z	0.77158944800718	-1.17069788446621	-0.93667645140132	0.304166737454456	1.03161815040589
M9.96_241.1808m.z	0.712228683403281	-1.28525765709965	-0.753748052548499	0.220365775558033	1.10641125068683
M5.58_302.2322m.z	0.644386093159256	0.670907817951246	0.863256492865424	-1.17981955285731	-0.998730851118621
M11.91_409.2356m.z	1.47381348958687	-1.1616228475786	-0.625509000968926	0.0185279908024955	0.29479036815816
M11.96_280.2398n	1.34959441622056	-0.704898776120269	-1.16978490827524	-0.0336449384211505	0.558734206596101
M11.54_253.2171m.z	1.57797937714221	-0.853729436158606	-0.53846417922026	-0.579680970408237	0.393895208644889
M11.19_321.2433m.z	0.878081625702881	-1.20267488732772	-0.775447137133826	0.0132786078966936	1.08676179086197
M11.28_309.2046m.z	1.7089583881999	-0.0436414164178286	-0.323783688771954	-0.861639639002754	-0.479893644007365
M13.56_307.2641m.z	1.10095799696809	-1.05693838684216	-0.951983555384241	0.0342792309982631	0.873684714260042
M11.28_227.2015m.z	1.68556625725307	0.0578484754512616	-0.381453798151472	-0.884135768154344	-0.477825166398519
M12.87_282.2555n	1.29666186440189	-0.834416398171751	-1.00833086603845	-0.204755121627162	0.750840521435476
M3.82_259.1776n	0.847773249145545	-1.02595082805725	-0.78953574512678	-0.270167271569127	1.23788059560761
M7.67_574.2040m.z	1.42332416047428	0.159850645726542	-1.36600840620273	0.0632255844247968	-0.280391984422885
M7.74_313.1197m.z	1.44264360186401	-0.347473586643557	-1.33018150575064	0.094663831988773	0.140347658541409
M7.44_315.2402n	0.64682992923555	-1.16619833334773	-0.629044235227093	-0.189491933887548	1.33790457322682
M5.51_344.2792m.z	0.876922216620917	-1.22448224714132	-0.490492855441476	-0.33592424791177	1.17397713387365
M10.21_267.1965m.z	0.670524401136162	-1.16787662755273	-0.910744933095974	0.276476321638747	1.13162083787379
M4.66_151.0260m.z	1.65056917966067	-0.682951549622475	-0.870673557252104	-0.200831880348631	0.103887807562537
M11.15_351.2537m.z	1.62511549671932	-0.731125338910306	-0.74986788338958	-0.42686242215308	0.282740147733645
M8.36_241.1444m.z	1.69680794450805	-0.138839408945878	-0.467789019110791	-0.924888496067338	-0.16529102038404
M9.47_183.1389m.z	0.800130046625916	-1.68093155484377	0.0186651831178998	0.14622337514143	0.715912949958529
M10.52_237.1860m.z	1.2926595414897	-1.06397027808272	-0.434759690268877	-0.599371384792617	0.805441811654517
M12.88_491.2321m.z	1.29434908554618	-0.989616972096007	-0.868242876716644	-0.183379442991585	0.746890206258056
M10.61_528.1771m.z	0.959479918865731	-0.687809716761158	-1.28957803215992	0.0478485027037113	0.970059327351635
M1.58_361.1432n	1.78363569546382	-0.379465173892997	-0.367930399339641	-0.552618709281601	-0.483621412949583
M11.01_290.1599m.z	1.15597936228603	-1.13478611664632	-0.93924546111727	0.649263081056977	0.268789134420582
M2.05_219.1104n	-0.217290456637099	-0.210657466328807	-1.45167691156891	1.07124238807337	0.808382446461439
M13.29_358.3077n	1.14291949354466	-0.420453260563922	0.800353064219287	-0.162702811496423	-1.36011648570361
M5.87_412.3054m.z	0.815863778590976	-1.10901161213083	-0.911615146791841	0.0790792621498216	1.12568371818187
M0.96_309.2795m.z	1.21484574599424	-0.836502812621236	-0.963279011271068	-0.309790749591122	0.894726827489184
M5.45_368.2792m.z	0.669431301345129	-1.042280572743	-0.832210289738127	-0.120953011616176	1.32601257275218
M5.76_287.2094n	0.538944372235589	-1.26817083221786	-0.722569862970438	0.213395373481578	1.23840094947113
M5.41_370.2948m.z	0.683545322625918	-1.20852099002902	-0.69594953326302	-0.0386012959497611	1.25952649661589
M10.68_297.2433m.z	1.46778925443329	-0.247074823794623	-1.05686434130424	-0.653835472185862	0.48998538285143
M6.73_218.1031m.z	-0.0950807888275413	0.600485869062591	-1.63875533379381	0.177691886784664	0.955658366774094
M8.28_167.1076m.z	0.593567834286878	-0.988461187634367	-1.08809666310004	0.301587254285805	1.18140276216172
M5.51_342.2636m.z	0.712923986742283	-1.07477151082687	-0.61870888053547	-0.367934905976099	1.34849131059615
M6.16_159.1025m.z	0.507253043211736	-0.765862181892042	-1.12076893262658	0.000963932162243337	1.37841413914464
M0.97_217.0174m.z	-0.160679839226285	1.74327396478054	-0.755627333017662	-0.307965225790272	-0.519001566746316
M10.93_519.3316n	-1.57119462360677	0.842111521239892	0.855580426418385	0.139454307831434	-0.265951631882939
M1.15_123.0552m.z	-0.0104122203950797	-0.618845856144627	-0.784755762599911	-0.29333357656791	1.70734741570753
M10.93_544.3395m.z	-1.09911292370465	-0.855992214683699	-0.0540621495018498	1.14229493246844	0.86687235542176
M10.01_439.2696n	-1.35229763064927	0.996473984534039	0.929618959772016	-0.0134760273507825	-0.560319286306007
M11.20_506.3249m.z	-1.60599819829271	-0.0735217015219035	1.12216052120641	0.298621763799778	0.258737614808427
M10.86_500.2779m.z	-1.11609332728728	0.42862731192127	1.26472162460313	0.345596723968645	-0.922852333205766
M10.01_453.2852n	-1.37871638386582	0.950336445659279	0.947964365051339	0.0251475584546048	-0.544731985299401
M10.93_104.1069m.z	-1.21763131488419	0.83451207631054	0.954451579653167	0.325388424247459	-0.896720765326976
M10.93_567.3320n	-0.78067890113358	-0.540175387496315	1.51303374758576	0.532803508883068	-0.724982967838935
M8.93_135.0298m.z	-1.38345761404531	1.20150481247078	0.604030090318858	0.0959664426395301	-0.518043731383857
M12.37_425.0802m.z	-1.36181595955769	1.14042062706542	-0.311398827189857	0.816848734297092	-0.284054574614968
M5.82_478.2934m.z	-1.43465640455822	0.837381033297594	1.05350926413743	-0.112796623412956	-0.343437269463848
M9.86_495.2960m.z	-1.51429714833816	0.84241601015875	0.0584517602970868	0.941409498773711	-0.327980120891387
M10.65_399.2208m.z	-1.13425002983353	0.762188961053886	-0.55863303599093	1.29822706482478	-0.367532960054207
M10.53_147.0297m.z	-1.39474948245212	0.00109523776994975	-0.498637449523013	0.857688378203695	1.03460331600149
M10.62_380.2554m.z	-1.65638708325169	-0.211744446245101	0.685059409262704	0.445916856602613	0.737155263631476
M9.00_330.2405n	-1.47104333072838	1.24341942218246	0.460185841250961	-0.27616549484009	0.0436035621350461
M10.84_476.2778m.z	-0.799243023474713	0.913606550987326	1.0799487194154	-0.0283619817607285	-1.16595026516729
M5.74_149.0606m.z	-0.554761378307339	0.946795690436423	0.902920630715444	0.108200342311619	-1.40315528515615
M11.90_132.0301m.z	-0.570673531333192	1.7001595147072	-0.794132220102856	-0.387804445687328	0.0524506824161722
M10.78_528.3086m.z	-1.20832632295418	-0.799539802266215	0.166792180694448	1.21893882857518	0.622135115950768
M6.26_266.1384m.z	-1.54314564136731	1.21474192764091	-0.151345582220808	0.290463184331433	0.18928611161578
M11.28_478.2933m.z	-1.62705596742216	0.699899484652316	0.925794365365004	-0.0528607737085514	0.054222891113395
M6.48_244.1542m.z	-1.44649138621623	0.00100979410435347	0.882075327590172	-0.415036222492295	0.978442487013998
M9.84_132.0533n	-0.869571781444986	-0.704569531168308	-0.286111608139603	0.246278386690931	1.61397453406197
M11.04_254.9813m.z	-1.42507493536501	0.557758473752814	-0.5211251845875	0.234541395080095	1.1539002511196
M11.88_437.3268m.z	-0.880178620858462	1.03555937259551	1.01791446484125	-0.123807630079911	-1.04948758649839
M11.76_271.2278m.z	-0.206577872124464	-0.928998299076393	1.33681286478897	-0.902793827650104	0.701557134061987
M7.52_362.2085n	-0.929171700599036	-1.12552981021129	0.954214139306964	0.129671607470727	0.970815764032633
M4.76_175.0634n	-1.14992905838624	-0.294494199823753	-0.509160953074193	0.51665852964255	1.43692568164164
M6.45_218.1183m.z	-1.40928031811783	1.11487244317691	0.489115162801003	-0.603712861262798	0.409005573402718
M11.92_203.0672m.z	-1.62925807937079	0.936014711137798	0.534902232243364	-0.213009355687882	0.371350491677511
M10.53_132.0300m.z	-0.880937674181848	-0.341177902866362	-0.455883893633434	-0.0246770608406172	1.70267653152226
M8.40_164.0841n	-1.21427423430873	-0.474416054912163	-0.35280585028464	1.23538995631321	0.806106183192325
M10.78_262.0798n	-0.542141567723129	1.27186858856316	-1.15356191550548	-0.365970825649334	0.789805720314778
M12.10_267.2327m.z	-0.681430367618895	1.50329442789693	-0.488629173785879	-0.867144852730685	0.533909966238529
M10.60_205.1181m.z	-1.06099977412065	1.2757673379312	0.622836655094794	0.0851727242891392	-0.922776943194482
M12.47_431.3162m.z	-0.351245959334643	-0.722299261147495	-0.971913186135672	1.42169334042573	0.623765066192085
M5.41_205.1313n	-1.23106404464238	1.04425943695805	-0.401640375845775	-0.433635600682361	1.02208058421247
M13.04_421.2261m.z	0.142194334213165	-0.55943460146746	-0.628604112736457	-0.644291443807432	1.69013582379818
M11.99_507.3680n	-0.76039352423983	-1.11980845275149	-0.0707143756348365	0.615046684371614	1.33586966825454
M6.08_289.0718m.z	-0.947483841307061	1.64140115784989	-0.155809929047915	0.0766485590965354	-0.614755946591454
M9.83_213.0490m.z	-1.06984978881882	-0.926591862759647	0.136831429173199	0.576923389102106	1.28268683330316
M5.89_152.0704m.z	-1.44565911591686	0.524289594332894	0.900834824242175	0.651935457733456	-0.631400760391664
M11.13_204.1113n	-0.604709097388421	-0.711960489364098	-0.613166085728164	1.6317512708563	0.298084401624383
M3.98_166.0629n	-1.58998702064831	0.0122315943254887	0.298340303730492	0.108514000773646	1.17090112181869
M4.76_163.0632n	-0.949371922212046	-0.433979932326292	-0.698380133395125	0.683224045826011	1.39850794210745
